queries	ups	downs	score	comments	submitter
1	5965	3040	2925	180	Ding84tt
2	12511	8600	3911	416	mgc125
3	7623	5199	2424	135	Creeby
4	5588	3069	2519	860	theydidn
5	3910	1489	2421	574	anutensil
6	8495	5466	3029	501	nashrafeeg
7	12486	10045	2441	667	higyfosh11
8	9649	7674	1975	378	ispoileditright
9	2656	868	1788	96	Neepho
10	25286	22128	3158	1231	jasonpressX
11	4214	2182	2032	5449	Lintriff
12	1966	381	1585	79	Ziphius
13	1118	292	826	141	Procc
14	6701	4032	2669	530	mubukugrappa
15	3603	1814	1789	252	soulblow
16	268	67	201	46	daydre
17	1248	465	783	79	thugliphe
18	366	67	299	25	trot-trot
19	6080	3632	2448	783	Neo2199
20	10760	8208	2552	2390	Pluginsights
21	1922	713	1209	796	_The_Editor_
22	1530	479	1051	351	potty-mouth
23	2652	1157	1495	533	deftnous
24	3365	1140	2225	48	Ze-skywalker
25	5125	2320	2805	220	Adamm1726
